Year,Period,labor force,employment,unemployment,unemployment rate
2006,Jan,245718,236405,9313,3.8
2006,Feb,247942,237783,10159,4.1
2006,Mar,249102,239816,9286,3.7
2006,Apr,248950,239805,9145,3.7
2006,May,251530,241675,9855,3.9
2006,Jun,254221,243568,10653,4.2
2006,Jul,257485,246196,11289,4.4
2006,Aug,256076,245415,10661,4.2
2006,Sep,255396,245782,9614,3.8
2006,Oct,256627,247182,9445,3.7
2006,Nov,258002,247841,10161,3.9
2006,Dec,257527,248312,9215,3.6
2007,Jan,252685,242402,10283,4.1
2007,Feb,253936,243824,10112,4.0
2007,Mar,254765,245556,9209,3.6
2007,Apr,253498,244240,9258,3.7
2007,May,254149,244660,9489,3.7
2007,Jun,257355,246644,10711,4.2
2007,Jul,260048,249079,10969,4.2
2007,Aug,257040,246988,10052,3.9
2007,Sep,258037,248502,9535,3.7
2007,Oct,255557,246149,9408,3.7
2007,Nov,257072,247441,9631,3.7
2007,Dec,255684,245872,9812,3.8
2008,Jan,259241,248655,10586,4.1
2008,Feb,259506,248802,10704,4.1
2008,Mar,260914,250389,10525,4.0
2008,Apr,262185,252236,9949,3.8
2008,May,263070,251271,11799,4.5
2008,Jun,265048,252090,12958,4.9
2008,Jul,268202,254370,13832,5.2
2008,Aug,264968,251839,13129,5.0
2008,Sep,265074,252879,12195,4.6
2008,Oct,264619,252746,11873,4.5
2008,Nov,267142,251711,15431,5.8
2008,Dec,265941,249460,16481,6.2
2009,Jan,266928,247383,19545,7.3
2009,Feb,267754,247097,20657,7.7
2009,Mar,267323,247711,19612,7.3
2009,Apr,268079,249075,19004,7.1
2009,May,268479,247827,20652,7.7
2009,Jun,270105,248259,21846,8.1
2009,Jul,270844,248799,22045,8.1
2009,Aug,267435,246239,21196,7.9
2009,Sep,266581,245924,20657,7.7
2009,Oct,264809,244390,20419,7.7
2009,Nov,265244,244826,20418,7.7
2009,Dec,262860,242269,20591,7.8
2010,Jan,258110,235211,22899,8.9
2010,Feb,259615,236786,22829,8.8
2010,Mar,261066,238952,22114,8.5
2010,Apr,265089,243575,21514,8.1
2010,May,264625,242920,21705,8.2
2010,Jun,263858,241785,22073,8.4
2010,Jul,267435,245312,22123,8.3
2010,Aug,264090,242771,21319,8.1
2010,Sep,262950,243028,19922,7.6
2010,Oct,261976,242383,19593,7.5
2010,Nov,262946,242309,20637,7.8
2010,Dec,261102,241309,19793,7.6
2011,Jan,261753,240426,21327,8.1
2011,Feb,262176,241307,20869,8.0
2011,Mar,263116,242952,20164,7.7
2011,Apr,265549,245623,19926,7.5
2011,May,265269,244710,20559,7.8
2011,Jun,264890,242316,22574,8.5
2011,Jul,265735,243348,22387,8.4
2011,Aug,264284,241602,22682,8.6
2011,Sep,266695,245241,21454,8.0
2011,Oct,267863,246840,21023,7.8
2011,Nov,267987,247919,20068,7.5
2011,Dec,266414,246403,20011,7.5
2012,Jan,266603,245871,20732,7.8
2012,Feb,268964,248245,20719,7.7
2012,Mar,269684,249959,19725,7.3
2012,Apr,269471,250866,18605,6.9
2012,May,270952,251100,19852,7.3
2012,Jun,271036,249689,21347,7.9
2012,Jul,272282,250328,21954,8.1
2012,Aug,268862,247973,20889,7.8
2012,Sep,272204,253510,18694,6.9
2012,Oct,274260,255424,18836,6.9
2012,Nov,272986,254333,18653,6.8
2012,Dec,272134,253182,18952,7.0
2013,Jan,271782,251586,20196,7.4
2013,Feb,272448,253612,18836,6.9
2013,Mar,272627,255064,17563,6.4
2013,Apr,272796,256383,16413,6.0
2013,May,273256,255685,17571,6.4
2013,Jun,273607,254752,18855,6.9
2013,Jul,275046,256362,18684,6.8
2013,Aug,271606,254257,17349,6.4
2013,Sep,273686,258035,15651,5.7
2013,Oct,273131,257438,15693,5.7
2013,Nov,273277,258510,14767,5.4
2013,Dec,270979,257167,13812,5.1
2014,Jan,271333,256659,14674,5.4
2014,Feb,273916,259037,14879,5.4
2014,Mar,275722,260939,14783,5.4
2014,Apr,274572,262099,12473,4.5
2014,May,275552,261104,14448,5.2
2014,Jun,274330,259835,14495,5.3
2014,Jul,278244,262111,16133,5.8
2014,Aug,276534,260967,15567,5.6
2014,Sep,276454,262919,13535,4.9
2014,Oct,278377,264987,13390,4.8
2014,Nov,277801,264438,13363,4.8
2014,Dec,276087,263557,12530,4.5
2015,Jan,279347,265069,14278,5.1
2015,Feb,281008,267224,13784,4.9
2015,Mar,280289,266859,13430,4.8
2015,Apr,280341,267451,12890,4.6
2015,May,283503,268373,15130,5.3
2015,Jun,280031,264740,15291,5.5
2015,Jul,282124,266247,15877,5.6
2015,Aug,279044,264184,14860,5.3
2015,Sep,280210,266993,13217,4.7
2015,Oct,283652,270116,13536,4.8
2015,Nov,284037,270605,13432,4.7
2015,Dec,282883,270055,12828,4.5
2016,Jan,282709,269268,13441,4.8
2016,Feb,287231,274077,13154,4.6
2016,Mar,287864,274965,12899,4.5
2016,Apr,287665,275755,11910,4.1
2016,May,290083,277857,12226,4.2
2016,Jun,291569,277942,13627,4.7
2016,Jul,292884,279004,13880,4.7
2016,Aug,290032,276303,13729,4.7
2016,Sep,291254,278484,12770,4.4
2016,Oct,292420,279682,12738,4.4
2016,Nov,291895,279306,12589,4.3
2016,Dec,289800,277659,12141,4.2
2017,Jan,290394,277250,13144,4.5
2017,Feb,293567,280908,12659,4.3
2017,Mar,294289,282517,11772,4.0
2017,Apr,293612,283084,10528,3.6
2017,May,293568,282457,11111,3.8
2017,Jun,292219,280327,11892,4.1
2017,Jul,295539,282862,12677,4.3
2017,Aug,293053,280404,12649,4.3
2017,Sep,296264,285303,10961,3.7
2017,Oct,297408,286630,10778,3.6
2017,Nov,297270,286111,11159,3.8
2017,Dec,293785,283306,10479,3.6
2018,Jan,294024,282854,11170,3.8
2018,Feb,299662,288337,11325,3.8
2018,Mar,299165,288574,10591,3.5
2018,Apr,298955,289462,9493,3.2
2018,May,299855,290126,9729,3.2
2018,Jun,297522,286189,11333,3.8
2018,Jul,300397,289246,11151,3.7
2018,Aug,296398,285710,10688,3.6
2018,Sep,297513,288533,8980,3.0
2018,Oct,299396,289879,9517,3.2
2018,Nov,298863,289342,9521,3.2
2018,Dec,297860,288063,9797,3.3
2019,Jan,298762,286899,11863,4.0
2019,Feb,302356,291188,11168,3.7
2019,Mar,303930,292828,11102,3.7
2019,Apr,303442,293795,9647,3.2
2019,May,305574,294419,11155,3.7
2019,Jun,305896,293470,12426,4.1
2019,Jul,307554,295380,12174,4.0